1	6718527.414	3106266.213	6715706.377	106256.36
2	6661186.097	3160799.23	6658388.64	160767.714
3	6693710.937	3244102.707	6690900.686	244037.137
4	6667656.285	3245527.153	6664856.6	245461.076
5	6687627.618	3281479.481	6684820.028	281398.742
6	6671702.192	3328279.157	6668901.351	328179.471
7	6711453.104	3361530.233	6708636.263	361416.991
8	6687618.911	3442590.903	6684812.357	442444.92
9	6733086.631	3445762.926	6730261.658	445615.229
10	6712263.904	3495070.508	6709447.856	494903.06
11	6739155.932	3549007.545	6736329.521	548818.2
12	6805251.375	3602022.521	6802398.586	601811.22
13	6840766.773	3605014.741	6837899.431	604802.107
14	6879999.861	3663986.641	6877117.103	663749.596
15	6949789.769	3662417.432	6946878.77	662180.595
16	6951527.449	3630587.508	6948615.539	630363.582
17	7002138.471	3642010.519	6999206.055	641781.636
18	7010567.569	3605081.205	7007631.513	604867.223
19	6983811.341	3505566.785	6980885.515	505393.209
20	7014302.544	3472573.287	7011364.132	472412.79
21	6985361.002	3396772.529	6982433.71	396643.132
22	7000492.42	3272279.819	6997558.225	272200.581
23	6968854.907	3255469.059	6965933.304	255396.858
24	6744554.534	3266422.049	6741723.643	266347.099
25	6833435.839	3254375.303	6830568.91	254304.591
26	6873245.522	3243631.594	6870362.452	243564.884
27	6925778.748	3262360.666	6922874.54	262285.993
28	6845311.982	3315866.648	6842440.798	315770.877
29	6817082.224	3355600.829	6814222.621	355489.302
30	6869770.589	3423154.818	6866890.277	423015.624
31	6885837.074	3445863.197	6882950.443	445714.653
32	6862748.149	3498866.128	6859871.251	498696.216
33	7046208.875	3346722.902	7043256.85	346613.326
34	7078680.685	3377323.453	7075715.728	377201.189
35	7103282.016	3387305.327	7100307.244	387178.812
36	7127165.14	3376093.791	7124180.611	375971.622
37	7203757.47	3449604.381	7200742.765	449452.279
38	7140647.378	3461521.454	7137657.878	461364.759
39	7103332.239	3494741.407	7100358.035	494571.469
40	7150501.445	3558309.606	7147508.644	558113.67
41	7093419.775	3611115.277	7090450.151	610898.257
42	7062292.808	3641691.484	7059336.043	641462.303
43	7034134.046	3653559.563	7031188.697	653325.764
44	6770753.881	3363377.28	6767912.918	363262.922
45	6858295.283	3350692.709	6855419.146	350582.852
46	6940410.896	3385486.182	6937501.78	385361.631
47	6775123.571	3494444.608	6772282.175	494277.011
48	6807052.712	3529087.071	6804198.507	528905.199
49	6880612.386	3550642.025	6877728.621	550450.987
50	6893890.629	3525111.161	6891001.323	524930.267
51	6939739.846	3526848.928	6936831.893	526667.076
52	7286129.492	3440049.509	7283081.949	439901.03
53	7346988.094	3427641.274	7343916.162	427497.771
54	7378851.372	3392274.481	7375766.68	392145.162
55	7341505.069	3373669.704	7338435.269	373547.856
56	7039576.139	3531748.487	7036627.978	531564.016
57	7311237.049	3499415.556	7308179.519	499243.181
58	7300374.435	3559695.968	7297321.239	559499.405
59	7255622.323	3594851.455	7252587.149	594640.717
60	7211124.252	3571881.459	7208107.03	571679.996
61	7176968.23	3606001.75	7173964.812	605786.51
62	7423353.442	3449180.907	7420251.018	449028.97
63	7439365.793	3388253.092	7436257.064	388125.394
64	7515717.477	3439301.589	7512578.222	439153.784
65	7341291.389	3558826.301	7338221.775	558630.114
66	7411255.759	3579417.654	7408157.959	579213.301
67	7474844.847	3505173.82	7471721.776	504999.192
68	7481318.199	3560110.104	7478192.399	559913.658
69	7524379.638	3508441.896	7521236.883	508266.314
70	7591237.066	3419026.892	7588067.865	418887.483
71	7622020.25	3366579.024	7618839.116	366460.548
72	7594505.36	3518393.075	7591334.239	518213.719
73	7626219.914	3553040.749	7623035.839	552847.567
74	7702670.055	3515186.405	7699455.265	515008.951
75	7695216.208	3581262.452	7692004.018	581058.128
76	7691849.52	3453430.128	7688639.459	453277.541
77	6747800.979	3199159.097	6744968.441	199111.515
78	7402771.465	3499568.963	7399677.236	499396.584
79	7365958.382	3495695.426	7362878.863	495524.55
80	7496195.23	3354920.126	7493063.984	354805.89
81	7531264.601	3355331.913	7528119.428	355217.579
82	7611009.276	3299804	7607832.73	299711.971
83	7672814.658	3298681.876	7669613.563	298590.446
84	7221330.059	3492280.63	7218308.549	492111.221
85	7266623.663	3497698.702	7263584.049	497526.975
86	7303458.625	3622611.498	7300404.174	622389.622
87	7489543.943	3616139.425	7486414.696	615920.463
88	7556034.557	3596673.89	7552878.545	596462.917
89	6815611.139	3565268.811	6812753.685	565072.315
90	7755611.377	3548533.653	7752375.045	548343.147
91	7746595.19	3488003.517	7743362.898	487837.329
92	7629977.792	3426839.922	7626792.901	426697.719
93	7644600.059	3493653.996	7641408.785	493484.918
94	7132451.59	3392828.976	7129465	392700.007
95	6680141.542	3388228.628	6677337.508	388104.665
96	6698636.783	3388974.751	6695825.337	388850.411
97	6696133.381	3369317.682	6693322.808	369201.277
98	6698947.571	3342249.383	6696135.676	342143.933
99	6701075.208	3435846.018	6698263.155	435702.664
100	6709376.199	3414649.69	6706560.586	414514.892
101	6736821.675	3415465.997	6733994.933	415330.689
102	6727096.394	3377832.381	6724273.266	377712.34
103	6683486.329	3411135.401	6680681.134	411002.222
104	6726737.649	3354037.307	6723914.491	353927.001
105	6674165.834	3408940.868	6671364.394	408808.61
106	6709225.74	3472226.643	6706410.717	472068.458
107	6762877.559	3455653.897	6760040.752	455502.062
108	6755019.065	3430033.247	6752185.04	429891.879
109	6696729.434	3461416.325	6693919.337	461262.617
110	6752225.458	3513388.782	6749393.444	513213.709
111	6710772.861	3539090.2	6707957.789	538905.047
112	6732199.395	3524269.263	6729375.558	524089.957
113	6732430.823	3551260.219	6729607.146	551070.021
114	6735324.012	3492045.591	6732498.643	491879.234
115	6743070.573	3364323.399	6740240.831	364208.813
116	6793927.707	3414218.249	6791077.841	414083.127
117	6774871.902	3369028.921	6772029.321	368912.264
118	6822580.338	3401164.309	6819718.887	401034.363
119	6782036.528	3450588.641	6779191.904	450438.762
120	6784056.385	3473821.08	6781211.187	473661.828
121	6698312.204	3311092.711	6695500.407	310999.879
122	6772283.174	3309735.252	6769441.314	309642.566
123	6738771.298	3308927.663	6735942.98	308835.549
124	6730644.658	3326943.193	6727819.761	326843.846
125	6800873.228	3356650.93	6798020.146	356539.048
126	6814719.641	3374868.608	6811861.147	374749.311
127	6675204.977	3308757.047	6672402.592	308665.249
128	6681881.317	3272376.163	6679076.004	272299.149
129	6714429.304	3280639.489	6711610.77	280558.969
130	6677087.747	3110873.88	6674283.485	110862.507
131	6652430.684	3284859.82	6649637.325	284777.842
132	6715342.069	3225756.187	6712522.82	225698.005
133	6715311.822	3205290.722	6712492.577	205240.895
134	6735627.743	3230803.542	6732800.294	230743.179
135	6795512.761	3283553.365	6792661.314	283471.198
136	6739358.212	3184065.044	6736529.041	184023.663
137	6811902.709	3214465.117	6809044.165	214410.73
138	6789436.053	3228946.266	6786586.732	228886.262
139	6771114.448	3203325.353	6768272.374	203275.921
140	6750641.478	3208407.124	6747807.776	208355.787
141	6759136.367	3233827.133	6756299.357	233765.346
142	6775206.589	3268296.868	6772363.27	268220.96
143	6877941.947	3208226.831	6875056.651	208174.345
144	6866881.431	3231255.994	6864000.794	231194.314
145	6831733.066	3238686.204	6828866.661	238621.843
146	6851679.538	3260905.97	6848805.28	260832.445
147	6864463.159	3211431.571	6861583.322	211377.878
148	6887092.755	3255781.037	6884204.185	255709.297
149	6881122.18	3281213.706	6878236.222	281131.725
150	6920808.973	3218542.589	6917906.501	218485.675
151	6909346.805	3251116.969	6906449.222	251046.988
152	6947002.57	3278205.695	6944089.893	278124.484
153	6912401.211	3283284.516	6909502.573	283201.481
154	6949384.269	3257623.406	6946470.504	257550.508
155	6938610.76	3201089.503	6935700.948	201039.476
156	6954413.622	3224885.782	6951497.636	224826.02
157	6975914.846	3277392.534	6972990.561	277311.457
158	6887125.107	3325643.826	6884237.062	325543.891
159	6918103.121	3335235.228	6915202.642	335131.185
160	6965552.435	3304739.397	6962632.528	304647.334
161	6932893.998	3310516.224	6929987.326	310422.046
162	6862337.32	3297387.763	6859459.101	297299.397
163	6969348.835	3365856.016	6966427.825	365739.256
164	6872094.55	3371370.718	6869212.986	371252.392
165	6903023.821	3355721.864	6900129.61	355609.669
166	6937157.402	3360777.261	6934249.454	360662.756
167	6910151.823	3365813.407	6907254.834	365697.097
168	6858956.972	3328751.317	6856080.344	328650.305
169	6815679.557	3331508.062	6812820.366	331406.187
170	6829941.386	3313144.921	6827076.358	313050.359
171	6802359.785	3313988.097	6799505.782	313893.416
172	6832494.551	3284224.8	6829628.284	284141.956
173	6828787.033	3350128.987	6825922.741	350019.57
174	6847523.298	3368034.297	6844651.608	367917.506
175	6885057.163	3426665.852	6882170.727	426525.078
176	6851065.966	3398180.861	6848193.031	398051.905
177	6855626.193	3414463.07	6852751.52	414327.508
178	6877723.351	3398360.912	6874839.682	398231.674
179	6900684.961	3400633.635	6897792.037	400503.284
180	6937257.898	3414891.366	6934350.27	414754.963
181	6904944.882	3459451.082	6902050.589	459296.874
182	6900396.748	3483235.443	6897504.441	483071.617
183	6887314.784	3485224.457	6884427.781	485059.861
184	6827261.511	3471046.295	6824398.788	470887.913
185	6821860.768	3444877.605	6818999.975	444729.925
186	6891827.437	3436358.295	6888938.345	436213.544
187	6821152.254	3420857.473	6818291.45	420719.607
188	6849658.208	3422068.186	6846786.021	421929.593
189	6837846.063	3420205.331	6834978.623	420067.577
190	6900344.804	3434860.566	6897452.23	434716.368
191	6858649.616	3526181.896	6855774.553	526000.888
192	6839288.305	3497657.413	6836420.916	497488.111
193	6828300.88	3539088.054	6825438.16	538902.038
194	6820031.21	3501084.059	6817171.619	500913.48
195	6780162.545	3505686.148	6777319.168	505513.963
196	6799194.382	3490686.129	6796343.159	490519.909
197	6824120.587	3578800.155	6821259.869	578598.169
198	6767387.354	3565663.802	6764549.62	565467.431
199	6798190.11	3587907.507	6795340.021	587701.949
200	6787855.637	3566069.299	6785009.563	565872.646
201	6762649.062	3545026.806	6759813.087	544838.854
202	6796343.063	3537629.135	6793493.299	537443.93
203	6828498.156	3604184.882	6825635.866	603972.555
204	6851944.745	3553288.221	6849072.539	553096.329
205	6855229.345	3582165.418	6852356.077	581961.866
206	6793423.894	3612939.172	6790575.932	612723.509
207	6857988.779	3608567.25	6855114.555	608352.93
208	6875104.337	3563269.137	6872222.825	563072.989
209	6892725.81	3643282.484	6889837.784	643053.806
210	6902726.068	3615936.086	6899833.761	615718.383
211	6880862.128	3603322.803	6877978.618	603110.438
212	6863960.706	3643882.698	6861084.289	643653.948
213	6834075.635	3643683.536	6831211.385	643455.093
214	6885841.222	3581507.574	6882955.519	581303.987
215	6905871.871	3659536.424	6902978.612	659301.025
216	6935521.285	3645839.276	6932615.929	645609.284
217	6912864.831	3697037.665	6909968.993	696787
218	6884434.756	3677209.759	6881550.208	676967.308
219	6902337.91	3564092.157	6899445.438	563895.438
220	6960239.575	3556269.308	6957323.594	556075.414
221	6929844.037	3560296.244	6926940.393	560100.93
222	6959160.707	3620546.05	6956245.606	620326.163
223	6921593.491	3590883.361	6918693.385	590675.687
224	6952406.882	3593653.705	6949494.363	593444.775
225	6886089.492	3512148.381	6883203.241	511972.848
226	6912387.593	3534484.592	6909490.838	534299.842
227	6994685.407	3552569.341	6991755.5	552376.67
228	6947061.455	3522115.397	6944150.584	521935.411
229	6975979.971	3523804.113	6973057.426	523623.216
230	6979415.763	3465471.486	6976491.39	465314.175
231	6994866.712	3449072.206	6991935.954	448921.368
232	7008405.046	3535565.478	7005469.486	535379.657
233	7040238.459	3492586.357	7037289.741	492417.618
234	7025773.387	3502442.672	7022830.584	502270.073
235	6975608.067	3403921.975	6972684.771	403789.708
236	6949687.62	3442946.864	6946775.148	442798.982
237	7044667.808	3430746.673	7041716.871	430602.997
238	7009902.823	3414466.633	7006965.77	414329.788
239	7031843.415	3415001.872	7028897.534	414864.672
240	7037169.079	3385795.757	7034220.89	385670.35
241	7064141.872	3414280.265	7061183.013	414143.15
242	7063146.089	3466648.957	7060187.942	466490.581
243	7067237.463	3368319.706	7064277.055	368201.174
244	7073686.901	3450762.657	7070724.398	450610.676
245	7071471.673	3330939.486	7068509.285	330836.085
246	6996048.795	3341860.26	6993116.891	341753.019
247	7093289.87	3344838.601	7090318.785	344729.329
248	7011201.135	3250414.739	7008262.496	250344.212
249	6983653.318	3248856.922	6980725.706	248787.278
250	7014558.355	3303751.496	7011618.729	303659.511
251	7033369.288	3281790.909	7030421.926	281707.62
252	6966655.141	3198346.411	6963733.991	198297.252
253	6984072.289	3225889.424	6981144.358	225829.038
254	7041300.513	3215140.599	7038349.585	215084.067
255	7030366.851	3250736.525	7027420.465	250665.703
256	7075318.682	3284392.965	7072354.437	284308.236
257	7095926.381	3295269.469	7092953.914	295180.199
258	7101662.465	3322090.778	7098687.899	321990.658
259	7132499.759	3350949.603	7129512.934	350837.583
260	7156067.074	3366821.617	7153070.844	366702.948
261	7103503.525	3440235.7	7100528.922	440087.823
262	7178263.814	3439259.303	7175259.141	439111.376
263	7149784.824	3417015.296	7146791.431	416876.493
264	7162892.829	3389422.998	7159894.038	389295.17
265	7187988.515	3398018.135	7184979.795	397886.734
266	7114319.416	3412885.273	7111340.272	412748.366
267	7078894.198	3489494.634	7075929.906	489326.931
268	7084303.793	3518109.354	7081337.548	517930.038
269	7063916.37	3503944.688	7060958.255	503771.232
270	7103501.441	3475901.775	7100527.054	475739.458
271	7057426.512	3539040.753	7054471.188	538853.14
272	6933838.947	3712528.065	6930934.84	712270.882
273	6998235.377	3713890.685	6995305.021	713632.444
274	6964166.221	3689960.59	6961249.597	689712.381
275	6954205.914	3689083.969	6951293.348	688836.156
276	7042459.343	3597961.768	7039510.342	597750.413
277	7018643.628	3613501.064	7015704.334	613283.59
278	7110556.018	3661710.905	7107579.767	661473.346
279	7088110.415	3622217.747	7085143.001	621996.251
280	7114097.61	3635223.139	7111119.791	634996.261
281	7083170.08	3604589.736	7080204.584	604375.411
282	7090068.447	3555102.483	7087100.007	554908.12
283	7047261.085	3557585.63	7044309.994	557390.621
284	7109760.936	3583142.303	7106784.623	582936.479
285	7081896.144	3589939.245	7078931.127	589730.823
286	7139318.875	3636331.892	7136330.852	636104.444
287	7176933.256	3627846.53	7173929.978	627622.45
288	7173152.392	3574059.618	7170150.488	573857.342
289	7150908.336	3588839.455	7147915.491	588631.228
290	7149519.33	3608410.63	7146527.092	608194.471
291	7241422.814	3523926.151	7238393.315	523743.922
292	7192320.158	3555915.346	7189310.45	555720.323
293	7180122.405	3543079.466	7177117.566	542889.617
294	7211891.372	3543969.522	7208873.769	543779.278
295	7207158.332	3590363.487	7204142.725	590154.562
296	7228799.996	3615316.185	7225775.674	615097.178
297	7240639.694	3572450.461	7237610.562	572248.785
298	7304262.409	3606695.366	7301207.644	606479.879
299	7281165.215	3528133.398	7278119.791	527949.499
300	7324539.258	3606225.891	7321476.32	606010.602
301	7353426.85	3511226.262	7350352.367	511049.137
302	7373796.458	3482025.935	7370713.81	481860.595
303	7348470.899	3441184.988	7345398.376	441036.068
304	7300258.16	3471093.584	7297205.008	470932.612
305	7305585.511	3379061.073	7302530.098	378937.171
306	7264552.494	3424990.123	7261513.601	424847.705
307	7291928.182	3405876.888	7288878.286	405742.182
308	7265658.963	3452755.489	7262619.644	452601.906
309	7268194.647	3479748.303	7265154.369	479583.847
310	7302555.83	3441416.688	7299501.696	441267.658
311	7174143.307	3483679.256	7171140.582	483513.472
312	7214718.575	3481663.671	7211699.642	481498.572
313	7207928.905	3505446.023	7204912.775	505271.33
314	7256158.754	3505178.016	7253123.33	505003.322
315	7256350.805	3400275.706	7253315.089	400143.24
316	7283381.045	3370075.382	7280334.547	369955.161
317	7218238.548	3385102.589	7215217.916	384976.267
318	7213598.04	3440171.272	7210579.367	440022.896
319	7129605.198	3525528.469	7126620.676	525345.835
320	7125359.137	3499929.247	7122376.159	499757.018
321	7110992.768	3522094.381	7108015.773	521913.279
322	7135995.03	3550732.253	7133008.054	550539.418
323	7379526.988	3445989.821	7376442.065	445839.023
324	7364263.527	3409673.035	7361184.716	409536.764
325	7395457.603	3411305.651	7392366.311	411168.743
326	7354668.533	3425051.866	7351593.548	424909.434
327	7356618.579	3379485.401	7353542.743	379361.226
328	7345696.802	3359306.143	7342625.327	359190.099
329	7437727.184	3475473.486	7434619.003	475310.843
330	7481403.68	3363161.708	7478278.262	363044.147
331	7496217.886	3400768.967	7493086.465	400636.436
332	7538282.583	3367663.078	7535134.619	367543.837
333	7517308.282	3355381.173	7514168.662	355266.81
334	7556737.366	3391371.391	7553581.986	391242.772
335	7576181.328	3388190.113	7573018.244	388062.836
336	7632998.887	3312885.324	7629813.531	312788.173
337	7702501.77	3274138.308	7699288.948	274056.714
338	7559686.228	3409687.824	7556529.625	409551.936
339	7584383.401	3454292.985	7581216.699	454139.436
340	7610156.397	3468149.88	7606979.186	467990.906
341	7661228.494	3502482.464	7658030.606	502309.884
342	7717344.99	3508882.546	7714124.335	508707.732
343	7702391.178	3455663.687	7699176.862	455510.252
344	7729414.73	3503806.952	7726189.248	503634.276
345	7678594.552	3497882.926	7675389.567	497712.319
346	7649210.168	3556191.057	7646016.79	555996.751
347	7779421.454	3536687.861	7776175.59	536502.3
348	7758224.084	3477979.733	7754987.161	477817.672
349	7526397.27	3530423.878	7523253.56	530239.475
350	7566691.166	3504130.6	7563531.362	503956.999
351	7524547.406	3576035.168	7521404.228	575832.423
352	7549183.938	3453340.649	7546031.367	453187.361
353	7454821.687	3508342.297	7451706.599	508166.437
354	7439265.376	3565378.88	7436156.365	565180.168
355	7509229.746	3618703.456	7506092.591	618483.519
356	7490837.107	3541328.107	7487707.542	541139.184
357	7382748.293	3554820.204	7379662.02	554625.583
358	7439335.595	3542409.577	7436226.601	542220.048
359	7416955.845	3542704.076	7413855.85	542514.355
360	7474381.57	3601624.506	7471258.475	601411.333
361	7400577.844	3599595.961	7397484.325	599383.462
362	7358458.007	3587045.993	7355381.479	586838.462
363	6699800.427	3074127.377	6696986.754	74130.779
364	6684861.229	3170911.435	6682054.246	170875.677
365	7030547.502	3179034.461	7027600.628	178992.375
366	7070575.003	3354436.926	7067613.176	354324.048
367	7072682.844	3624274.527	7069721.734	624052.324
368	7241163.232	3435788.426	7238133.647	435641.691
369	7261923.144	3438799.072	7258885.349	438651.123
370	7312622.954	3412820.418	7309564.807	412682.845
371	7365567.18	3357306.239	7362487.69	357190.952
372	7277162.712	3590067.683	7274118.801	589858.92
373	7234435.342	3593319.313	7231408.722	593109.204
374	7177389.433	3584273.362	7174385.822	584066.946
375	7145874.578	3611773.182	7142883.819	611555.696
376	7409340.482	3412844.756	7406243.639	412707.288
377	7500111.651	3381944.703	7496978.827	381819.688
378	7557285.936	3377393.116	7554130.413	377270.071
379	7384921.737	3544816.773	7381834.635	544626.075
380	7523700.366	3544965.33	7520557.674	544775.105
381	7559721.824	3515577.309	7556564.803	515398.954
382	7586868.542	3366998.466	7583701.331	366879.69
383	7588901.128	3484942.997	7585732.48	484777.213
384	7617768.368	3482741.443	7614587.982	482576.677
385	7675303.982	3484258.875	7672100.415	484093.755
386	7709659.739	3477166.199	7706442.319	477004.17
387	6791594.672	3204947.401	6788744.323	204897.106
388	6772524.178	3182617.883	6769681.36	182576.886
389	6749137.072	3173597.793	6746303.878	173560.631
390	6736963.792	3154344.405	6734135.524	154315.14
391	6732415.306	3127183.015	6729588.768	127164.654
392	7387294.637	3366020.726	7384206.552	365901.916
393	7414683.915	3373377.305	7411584.981	373255.529
394	7457462.803	3356871.894	7454346.896	356756.78
395	7467947.016	3387227.851	7464826.82	387100.621
396	7528680.468	3382398.607	7525536.262	382273.559
397	7570328.521	3347560.977	7567167.921	347449.844
398	7602970.899	3337293.454	7599797.406	337186.519
399	7628114.224	3327632.977	7624930.791	327529.952
400	7642659.536	3285222.669	7639470.446	285136.5
401	7673092.761	3273283.608	7669891.637	273202.254
402	7218446.399	3620939.62	7215426.316	620718.333
403	7248220.234	3623047.744	7245188.063	622825.619
404	7276503.435	3609343.568	7273459.825	609127.021
405	7458573.268	3591673.773	7455456.565	591464.556
406	7513437.388	3585403.499	7510298.636	585196.965
407	7526446.784	3612270.028	7523302.713	612052.689
408	7579198.003	3557963.31	7576032.931	557768.051
409	7733931.369	3529117.284	7730703.899	528934.418
410	7764788.805	3518621.598	7761548.97	518443.218
411	7617983.181	3455633.928	7614802.941	455480.022
412	7663389.792	3462911.425	7660191.137	462754.82
413	7731381.584	3461814.579	7728155.526	461658.868
414	7320322.949	3357844.141	7317261.491	357728.652
415	7344270.093	3340064.32	7341199.059	339955.866
416	7380515.498	3337056.991	7377430.064	336949.696
417	7419879.036	3343718.609	7416778.041	343608.606
418	7484736.706	3329242.646	7481610.063	329138.574
419	7516150.883	3329475.73	7513011.793	329371.621
420	7559743.5	3318006.267	7556587.196	317906.805
421	7398712.001	3357818.608	7395619.387	357703.02
422	7587040.634	3321859.794	7583873.503	321758.925
423	7609953.507	3287659.799	7606777.405	287572.582
424	7623968.215	3275234.754	7620786.58	275152.504
425	7650682.071	3250454.083	7647489.896	250381.714
426	6681282.862	3355807.295	6678478.222	355696.433
427	6709221.366	3249244.281	6706404.781	249176.552
428	6714363.419	3530632.896	6711546.825	530451.141
429	6994980.153	3235047.964	6992047.888	234983.776
430	7221575.67	3448116.42	7218553.877	447964.866
431	6924492.163	3660276.403	6921591.331	660040.63
432	6804886.681	3203602.163	6802030.879	203552.299
433	6969106.78	3434009.001	6966186.357	433864.554
434	7127500.572	3642471.764	7124517.364	642241.908
435	7741881.183	3500446.797	7738650.708	500275.563
436	7481551.852	3473984.421	7478426.176	473822.475
437	7314465.172	3592813.525	7311406.306	592603.639
438	7163325.995	3632299.672	7160328.224	632073.823
439	7160767.187	3618855.803	7157770.426	618635.416
440	7164104.622	3586302.042	7161106.409	586094.812
441	7651028.3	3454344.725	7647834.711	454191.52
442	7610601.459	3437871.261	7607424.312	437724.436
443	7637897.517	3466013.42	7634709.154	465855.45
444	7633114.447	3482865.298	7629927.896	482700.523
445	7633717.662	3451379.692	7630531.1	451227.593
446	7650907.301	3479076.936	7647713.615	478913.746
447	7674795.943	3450121.82	7671592.779	449970.445
448	7647507.547	3439247.396	7644315.495	439100.259
449	7587912.839	3437699.734	7584744.825	437552.869
450	7700037.898	3499822.389	7696824.257	499651.129
451	7716377.208	3456635.583	7713157.229	456481.874
452	7689674.99	3490328.369	7686465.577	490160.878
453	7686915.453	3508868.416	7683707.061	508693.417
454	7724552.004	3479639.731	7721328.578	479476.771
455	6899562.777	3685225.154	6896672.174	684979.37
456	6959502.159	3532376.05	6956586.332	532191.777
457	6978642.979	3550072.445	6975719.547	549880.929
458	6987447.966	3534380.669	6984520.897	534195.421
459	7451988.254	3384330.821	7448874.485	384204.727
460	7449239.312	3398439.732	7446126.661	398307.975
461	7476658.215	3401032.722	7473534.588	400900.024
462	7467967.694	3366230.523	7464847.595	366111.707
463	7486462.511	3381521.683	7483335.033	381396.827
464	7454111.545	3411595.382	7450996.939	411458.401
465	6695607.857	3419805.879	6692797.862	419669.134
466	7021641.956	3684823.003	7018701.9	684576.583
467	7041783.672	3667625.151	7038835.275	667385.616
468	7018425.864	3708151.327	7015487.286	707895.314
469	7061300.498	3658118.133	7058344.205	657882.225
470	7005481.98	3696308.637	7002548.585	696057.558
471	7034743.889	3685701.149	7031798.5	685454.26
472	7049078.54	3649931.177	7046127.088	649698.728
473	7028996.376	3671205.294	7026053.223	670964.362
474	7520762.189	3597023.869	7517620.458	596812.673
475	7498494.909	3600993.189	7495362.121	600780.343
476	7490465.52	3573663.659	7487336.016	573461.78
477	7470434.721	3580947.65	7467313.248	580742.766
478	7511430.298	3551828.616	7508292.465	551635.568
479	7508771.684	3572565.066	7505634.839	572363.68
480	7078874.855	3641408.976	7075911.287	641179.751
481	6946783.088	3707913.362	6943873.679	707657.919
482	6946886.746	3718939.582	6943977.394	718679.656
483	6969455.97	3724728.367	6966537.448	724465.887
484	6986693.187	3732888.441	6983767.669	732622.55
485	7511235.154	3368661.49	7508097.924	368541.802
486	7516373	3394144.051	7513233.673	394014.181
487	7468649.134	3533352.646	7465528.469	533166.815
488	7510722.961	3528125.735	7507585.501	527942.184
489	7511825.05	3513390.349	7508687.217	513212.717
490	7487397.008	3515610.599	7484268.897	515431.941
491	7497668.267	3523910.029	7494536.033	523728.101
492	7483231.722	3528900.155	7480105.241	528716.166
493	7400636.443	3566150.481	7397542.931	565951.379
494	7378771.714	3590617.727	7375686.999	590408.777
495	7401178.474	3535704.646	7398084.837	535517.671
496	7385282.986	3603356.64	7382195.617	603142.592
497	7383774.911	3577210.706	7380688.182	577007.156
498	7413741.097	3559144.452	7410642.342	558948.176
499	7391874.392	3588641.567	7388784.392	588433.441
500	7565032.178	3545235.13	7561872.838	545044.949
501	7541972.564	3573820.667	7538822.411	573618.86
502	7568733.92	3568484.369	7565573.015	568284.783
503	7561410.669	3580724.536	7558252.66	580520.024
504	7550109.941	3537482.872	7546956.633	537295.794
505	7549619.399	3553365.977	7546466.258	553172.475
506	7539532.22	3602189.358	7536382.91	601976.127
507	7536125.214	3552219.612	7532977.497	552026.503
508	7525915.918	3560972.813	7522772.274	560776.144
509	7555792.501	3565038.27	7552636.813	564840.05
510	7537038.701	3586372.705	7533890.455	586165.842
511	7549414.422	3506716.157	7546261.56	506541.323
512	7586734.917	3535446.248	7583566.86	535260.016
513	7591590.148	3562248.252	7588420.053	562051.32
514	7604743.117	3549979.491	7601567.75	549787.508
515	7606322.069	3525247.631	7603146.205	525065.61
516	7601942.959	3506672.039	7598768.894	506497.438
517	7578853.815	3521685.97	7575689.097	521505.208
518	7679266.676	3245127.626	7676063.152	245057.459
519	7684603.508	3263814.549	7681397.823	263736.968
520	7697716.329	3288127.888	7694505.347	288040.643
521	7661262.285	3306461.476	7658065.751	306366.852
522	7624576.664	3350670.438	7621394.512	350558.277
523	7642522.61	3374110.795	7639333.15	373989.537
524	7623943.318	3403125.281	7620761.019	402992.243
525	7609332.065	3414597.94	7606155.615	414460.269
526	7445396.094	3335534.945	7442285.022	335428.263
527	7745286.671	3470483.943	7742055.028	470324.806
528	7756161.503	3499271.197	7752925.28	499100.536
529	7747430.408	3537932.096	7744197.435	537745.797
530	7749963.479	3518929.405	7746729.609	518750.78
531	7714123.559	3495772.308	7710904.287	495602.769
532	7712659.646	3591600.378	7709440.307	591392.083
533	7664565.73	3577146.023	7661366.014	576943.308
534	6649538.429	3218328.492	6646745.973	218273.648
535	6684803.867	3468950.72	6681998.692	468794.031
536	6642924.09	3184232.931	6640134.146	184191.922
537	7231790.139	3423168.45	7228764.215	423026.75
538	7278087.779	3422257.813	7275043.444	422116.518
539	7235041.572	3383242.801	7232014.307	383117.206
540	7232964.077	3408577.837	7229937.657	408442.068
541	7008897.93	3200995.421	7005959.851	200944.737
542	7020884.646	3195363.145	7017941.702	195314.673
543	6998704.889	3656090.514	6995773.945	655855.939
544	6984356.231	3654255.241	6981431.14	654021.522
545	6982722.592	3640030.323	6979798.077	639802.37
546	6996816.633	3622002.203	6993886.233	621781.44
547	6986975.508	3670644.081	6984049.462	670403.652
548	6961468.595	3656451.529	6958552.84	656217.03
549	6949259.401	3675766.428	6946348.715	675524.115
550	7014559.189	3629895.359	7011621.621	629671.245
551	6966783.949	3670123.627	6963866.119	669883.513
552	6719442.362	3393697.133	6716622.447	393570.716
553	6733457.732	3395411.028	6730632.164	395283.798
554	6720636.289	3450378.396	6717816.427	450228.943
555	6724314.53	3408226.595	6721492.738	408094.258
556	6721025.563	3435182.762	6718205.355	435039.488
557	7081949.518	3654960.769	7078984.773	654726.051
558	7095476.846	3663585.222	7092506.653	663346.963
559	7128313.068	3658444.732	7125329.614	658208.437
560	7141658.053	3656446.85	7138669.179	656211.293
561	7097322.888	3635022.739	7094351.835	634796.018
562	7118310.669	3672809.329	7115331.328	672567.257
563	6775391.21	3550064.762	6772550.097	549874.667
564	6784732.286	3530474.742	6781887.199	530292.512
565	6759762.126	3531963.076	6756927.184	531780.464
566	6772319.991	3516563.285	6769479.843	516386.762
567	7185971.1	3644003.053	7182964.195	643772.423
568	7190594.302	3630579.427	7187585.545	630354.202
569	7215065.191	3602334.315	7212046.399	602120.557
570	7261853.414	3624394.805	7258815.738	624172.174
571	7230090.86	3630709.276	7227066.003	630484.037
572	7454498.208	3572336.033	7451383.142	572134.555
573	7436720.397	3583217.152	7433612.388	583011.292
574	7428654.539	3557435.443	7425549.754	557239.853
575	6750839.154	3572938.398	6748008.231	572739.205
576	6762142.515	3582188.599	6759307.081	581985.558
577	6815891.161	3630332.703	6813034.15	630109.786
578	6818509.033	3614825.678	6815650.905	614609.051
579	6815355.851	3590333.768	6812498.792	590127.13
580	6901816.949	3510069.826	6898924.294	509895.033
581	6898056.657	3497585.515	6895165.435	497415.837
582	7020207.652	3398767.892	7017266.402	398637.353
583	7043581.408	3371815.655	7040630.566	371695.909
584	7038103.306	3403169.82	7035154.863	403037.377
585	7024771.671	3378015.729	7021828.446	377893.602
586	7033166.705	3362455.101	7030219.998	362339.215
587	7064440.245	3383614.168	7061481.052	383489.461
588	7011579.492	3381276.49	7008641.641	381153.194
589	7065675.819	3481204.223	7062716.769	481039.89
590	7038353.039	3442325.955	7035404.681	442177.591
591	7014474.309	3490410.216	7011535.935	490242.536
592	7026547.53	3453820.435	7023604.024	453667.467
593	7043231.174	3456645.495	7040280.976	456491.274
594	7033563.68	3477938.269	7030617.523	477775.489
595	7012265.565	3458023.638	7009327.831	457869.046
596	6901537.005	3310884.043	6898642.993	310789.914
597	6885539.593	3362328.794	6882652.551	362214.066
598	6910516.986	3322832.164	6907619.458	322733.165
599	6884664.249	3348905.858	6881777.444	348796.561
600	6896725.011	3375337.732	6893833.526	375217.67
601	6892662.319	3300523.223	6889771.806	300433.356
602	6957963.388	3700918.379	6955049.36	700665.667
603	7012073.852	3674394.831	7009137.66	674152.701
604	6969399.242	3707254.295	6966480.621	706998.984
605	6998480.729	3686005.542	6995550.103	685758.757
606	7026131.681	3641061.289	7023189.495	640832.595
607	6981746.898	3707221.291	6978823.231	706965.897
608	6914568.073	3684159.103	6911671.427	683913.639
609	6934299.545	3689039.684	6931394.946	688792.049
610	6783148.899	3380749.108	6780303.071	380627.622
611	6814461.437	3430886.77	6811603.549	430744.786
612	6804215.559	3396775.913	6801361.438	396647.835
613	6748726.713	3455888.472	6745895.542	455736.559
614	6784305.68	3403622.712	6781459.599	403491.958
615	6763709.84	3421404.144	6760872.219	421266.268
616	6806109.382	3422224.985	6803254.724	422086.6
617	6787263.605	3439162.843	6784416.714	439017.574
618	6801415.713	3475438.531	6798563.442	475278.497
619	6807967.362	3457181.227	6805112.327	457028.568
620	6755008.969	3467021.889	6752175.396	466865.5
621	6798527.748	3445382.001	6795676.425	445234.189
622	6769507.677	3467957.518	6766668.304	467800.676
623	6799114.84	3383287.639	6796262.678	383165.028
624	7824897.317	3500170.52	7821633.404	500000
625	7825587.557	3556071.085	7822322.94	555878.015
626	7797702.412	3443582.406	7794449.813	443434.501
627	7798245.584	3575616.624	7794991.855	575415.495
628	7771072.382	3595614.398	7767829.408	595404.97
629	7754585.575	3249398.529	7751352.069	249326.957
630	7749130.692	3307140.441	7745899.238	307045.795
631	7743201.157	3403585.196	7739970.711	403452.958
632	7745100.823	3635360.224	7741868.013	635134.535
633	7701256.639	3223800.461	7698044.47	223738.813
634	7690609.096	3342046.418	7687400.828	341937.739
635	7687463.025	3401306.129	7684255.265	401174.426
636	7689401.22	3638551.656	7686191.042	638324.222
637	7673524.592	3220618.962	7670323.424	220558.514
638	7660492.886	3620162.092	7657294.493	619941.936
639	7604775.985	3622883.517	7601600.252	622662.284
640	7578008.281	3644901.858	7574843.291	644671.416
641	7523595.329	3669164.019	7520452.305	668923.819
642	7466624.186	3651207.214	7463504.057	650974.085
643	7410935.515	3654342.61	7407837.73	654108.118
644	7355248.984	3657466.158	7352173.646	657230.298
645	7300932.774	3683469.426	7297879.311	683223.008
646	7271723.79	3338216.503	7268681.804	338109.182
647	7245271.825	3687011.274	7242240.737	686763.321
648	7216043.557	3335124.227	7213023.486	335017.681
649	7189612.312	3690538.803	7186604.09	690289.298
650	7161785.518	3308048.085	7158786.498	307953.174
651	7137388.463	3257892.745	7134399.005	257818.212
652	7135575.074	3718256.952	7132588.909	717996.414
653	7111599.885	3231301.223	7108620.655	231237.702
654	7088447.945	3179695.728	7085478.009	179652.99
655	7079942.008	3722192.03	7076978.462	721930.103
656	7038414.072	3124019.821	7035463.674	123999.622
657	7028226.182	3776235.149	7025284.021	775951.374
658	6980088.733	3142948.33	6977161.647	142921.172
659	6972646.143	3781003.327	6969726.693	780717.866
660	6947155.524	3191269.219	6944242.181	191223.082
661	6921890.042	3162786.068	6918986.65	162751.646
662	6914958.536	3759827.328	6912062.576	759551.097
663	6894129.285	3159989.973	6891237.131	159956.827
664	6857425.163	3737758.507	6854551.975	737491.895
665	6838607.243	3154416.923	6835737.257	154386.585
666	6827875.989	3713096.889	6825014.753	712840.22
667	6798513.34	3687994.278	6795663.831	687748.084
668	6785873.697	3121915.819	6783025.362	121899.586
669	6764362.883	3064653.319	6761522.932	64660.087
670	6740362.226	3636478.286	6737535.916	636253.37
671	6736648.86	3061258.926	6733820.138	61267.269
672	6708933.888	3057872.812	6706116.37	57882.697
673	6683000.9	3583232.313	6680197.338	583029.66
674	6654309.317	3472269.11	6651516.575	472111.336
675	6654309.004	3528068.919	6651516.575	527888.664
676	6653500.981	3051125.524	6650705.892	51138.547
677	6629001.238	3359639.226	6626217.775	359527.012
678	6627305.567	3415842.423	6624523.015	415707.779
679	6626775.33	3443949.417	6623993.439	443803.431
680	6619384.359	3104167.478	6616603.528	104159.184
681	6607127.616	3245415.493	6604352.559	245349.769
682	6603718.849	3301988.178	6600945.323	301899.623
683	6586064.162	3158117.396	6583297.212	158087.282
684	6583601.119	3186577.779	6580835.296	186536.114
685	6483726.253	3187042.621	6481000	187000
686	6488728.555	3137022.573	6486000	137000
687	6510737.651	3092004.641	6508000	92000
688	6535747.932	3048987.537	6533000	49000
689	6563759.402	3006970.858	6561000	7000
690	6595772.445	2968955.811	6593000	-31000
691	6642791.371	2951949.262	6640000	-48000
692	6692811.362	2958952.336	6690000	-41000
693	6742831.38	2960953.396	6740000	-39000
694	6791850.967	2968956.845	6789000	-31000
695	6834868.072	2993967.065	6832000	-6000
696	6860878.29	3036984.414	6858000	37000
697	6904895.818	3060994.23	6902000	61000
698	6952915.115	3046988.825	6950000	47000
699	6999934.01	3031983.007	6997000	32000
700	7049954.068	3024980.399	7047000	25000
701	7096972.831	3042987.785	7094000	43000
702	7128985.519	3081003.125	7126000	81000
703	7164999.833	3115016.877	7162000	115000
704	7187008.508	3160034.993	7184000	160000
705	7218020.82	3199050.735	7215000	199000
706	7247032.333	3240067.276	7244000	240000
707	7297052.398	3241067.822	7294000	241000
708	7347072.468	3240067.555	7344000	240000
709	7397092.54	3238066.877	7394000	238000
710	7447112.613	3235065.789	7444000	235000
711	7497132.689	3230063.889	7494000	230000
712	7544151.582	3213057.158	7541000	213000
713	7582166.885	3180043.987	7579000	180000
714	7613179.381	3141028.397	7610000	141000
715	7659197.852	3122020.847	7656000	122000
716	7709217.895	3124021.714	7706000	124000
717	7756236.722	3140028.18	7753000	140000
718	7801254.75	3161036.644	7798000	161000
719	7838269.567	3195050.312	7835000	195000
720	7854275.956	3242069.186	7851000	242000
721	7848273.512	3292089.258	7845000	292000
722	7843271.467	3342109.34	7840000	342000
723	7875284.301	3380124.633	7872000	380000
724	7896292.715	3425142.738	7893000	425000
725	7920302.344	3469160.449	7917000	469000
726	7923303.524	3519180.57	7920000	519000
727	7924303.898	3569200.699	7921000	569000
728	7906296.62	3615219.213	7903000	615000
729	7867280.885	3648232.478	7864000	648000
730	7832266.751	3683246.551	7829000	683000
731	7798253.011	3720261.429	7795000	720000
732	7750233.644	3735267.421	7747000	735000
733	7701213.886	3738268.566	7698000	738000
734	7651193.741	3731265.67	7648000	731000
735	7602173.971	3742270.024	7599000	742000
736	7557155.792	3763278.41	7554000	763000
737	7507135.623	3768280.329	7504000	768000
738	7460116.71	3751273.376	7457000	751000
739	7410096.547	3754274.473	7407000	754000
740	7361076.77	3763277.983	7358000	763000
741	7315058.174	3782285.526	7312000	782000
742	7265038.003	3785286.599	7262000	785000
743	7215017.834	3787287.262	7212000	787000
744	7171000.015	3811296.808	7168000	811000
745	7121980.231	3817299.073	7119000	817000
746	7088966.791	3855314.296	7086000	855000
747	7042948.159	3875322.211	7040000	875000
748	6993928.367	3879323.652	6991000	879000
749	6943908.196	3876322.256	6941000	876000
750	6896889.294	3858314.809	6894000	858000
751	6851871.216	3837306.153	6849000	837000
752	6803851.907	3822299.9	6801000	822000
753	6764836.302	3791287.222	6762000	791000
754	6726821.118	3758273.739	6724000	758000
755	6690806.757	3723259.455	6688000	723000
756	6654792.405	3688245.169	6652000	688000
757	6615776.831	3657232.479	6613000	657000
758	6588766.158	3615215.412	6586000	615000
759	6564756.708	3572197.959	6562000	572000
760	6554752.936	3523178.166	6552000	523000
761	6532744.317	3478159.926	6530000	478000
762	6527742.577	3428139.771	6525000	428000
763	6530744.059	3378119.667	6528000	378000
764	6508735.46	3333101.444	6506000	333000
765	6505734.537	3283081.324	6503000	283000
766	6495730.8	3234061.573	6493000	234000
836	7736573.228	3582824.357	7733344.381	582619.857
